184
400
10
657
122
689
656
657
134
724
217
577
737
580
605
882
427
636
300
863
374
12
68
476
59
694
16
301
922
786
696
46
332
403
629
818
463
402
846
295
369
401
396
523
660
690
484
107
146
41
196
954
784
589
181
670
915
810
183
686
836
835
893
560
432
259
592
345
102
388
830
44
717
221
805
336
598
42
358
921
995
266
408
279
642
942
473
875
729
244
756
366
815
81
57
160
739
395
811
49
899
151
475
858
215
291
694
680
125
726
167
383
260
589
97
463
828
901
577
528
514
505
932
506
439
814
440
112
333
637
735
13
106
500
983
762
404
2
234
988
100
761
290
189
546
638
20
995
696
474
40
251
239
359
900
148
505
706
880
4
485
447
981
824
335
225
366
853
222
512
452
444
610
17
225
429
992
688
236
670
774
553
450
337
504
120
319
145
817
968
439
500
114
254
142
342
966
141
112
300
682
319
344
164
977
511
190
75
940
472
653
243
217
286
341
137
554
135
321
73
771
893
823
379
134
790
264
374
949
341
737
939
724
329
699
206
106
208
969
471
22
710
825
101
5
745
567
16
344
649
112
860
593
626
878
791
949
365
318
270
903
265
398
616
908
206
571
781
285
343
768
817
794
502
392
286
607
452
404
565
82
171
730
75
392
400
23
522
111
552
737
637
557
113
892
321
731
62
971
674
522
834
699
516
450
49
410
987
756
134
690
171
484
238
953
905
656
177
402
455
214
623
916
715
1000
161
4
807
665
862
209
891
629
172
949
77
140
757
176
288
699
898
402
838
700
180
570
466
264
867
145
806
26
657
880
252
747
835
501
702
836
874
153
615
716
824
91
376
648
296
395
802
764
950
419
871
280
412
209
727
430
555
703
416
562
886
170
607
919
381
383
289
986
53
298
557
277
364
471
514
558
54
339
387
983
357
718
400
967
426
764
303
232
241
124
684
208
903
942
676
141
750
349
648
459
19
751
462
866
135
279
949
208
596
679
1
931
441
837
155
993
626
638
280
650
368
65
195
747
91
630
940
861
789
723
134
921
977
675
608
552
447
713
967
409
30
546
479
12
379
583
571
780
496
53
601
910
375
858
394
880
188
399
319
884
850
506
700
451
513
685
373
34
403
419
330
546
998
383
862
667
868
609
431
629
808
549
876
514
221
177
887
502
322
932
288
267
963
13
648
205
200
494
523
95
161
542
423
20
968
303
579
958
32
675
33
398
428
69
582
238
600
255
238
934
99
162
282
964
392
42
433
538
853
740
890
902
719
749
672
452
346
688
587
403
973
63
151
875
360
389
848
353
908
428
812
748
237
906
47
223
141
323
987
295
448
535
372
159
455
113
916
811
676
73
529
624
644
559
39
771
441
392
510
105
216
305
12
602
544
443
48
11
76
766
841
880
848
416
296
383
167
642
846
57
703
745
2
229
327
418
830
178
649
95
118
48
338
831
18
212
119
785
991
802
157
308
161
214
908
978
722
918
532
431
176
400
218
919
420
613
938
301
838
650
210
115
602
408
539
958
708
145
131
16
775
579
475
804
798
741
27
168
75
584
204
933
668
743
674
583
53
486
347
806
217
46
215
679
197
80
213
715
670
783
855
944
862
462
556
628
989
856
128
782
899
763
278
955
125
200
292
317
644
315
362
102
607
794
740
51
476
907
18
466
559
966
246
395
916
930
512
949
306
609
605
469
73
652
120
173
30
272
479
5
140
902
450
719
229
673
360
105
793
96
449
429
36
582
310
840
143
568
231
591
961
201
316
683
899
366
966
511
720
695
979
430
915
893
812
879
393
754
142
799
212
88
959
882
159
429
601
382
350
5
149
678
822
729
140
566
503
493
590
785
398
622
304
419
660
866
521
145
305
586
356
828
601
684
863
138
803
470
633
911
301
429
660
966
242
431
842
280
558
144
338
942
532
356
504
444
289
208
274
28
931
447
860
327
394
391
454
641
305
218
106
915
737
962
680
806
665
920
468
64
68
645
949
816
22
931
352
441
739
320
336
805
572
247
313
224
197
92
807
448
728
943
420
555
891
742
997
865
786
864
304
678
955
911
209
426
681
79
17
101
615
721
428
287
284
57
814
807
247
985
107
163
460
940
4
720
808
282
860
638
185
684
810
382
832
116
452
624
455
758
254
574
937
742
607
780
725
815
127
319
982
449
242
155
946
675
27
290
974
603
442
565
567
558
554
594
323
766
588
210
763
182
875
380
223
779
730
634
773
171
843
424
172
686
80
589
431
173
46
782
457
411
821
9
618
